01098   59
0109A   59
0109C   14
0109E   1
010A0   59
010A2   0

code:

12340   00  0   010A2
12342   00  1   0109E
12344   00  2   010A0

12346   00  3   01098
12348   25  2   3
12349   81  4   1234F                   
1234B   21  3   1
1234C   10  3   01098
1234E   99  0   0                       
1234F   10  0   01098

12351   00  3   0109A
12353   25  2   3
12354   81  4   1235A                   
12356   21  3   1
12357   10  3   0109A
12359   99  0   0                       
1235A   10  0   0109A

1235C   00  3   0109C
1235E   25  2   3
1235F   81  4   12365
12361   21  3   1
12362   10  3   0109C
12364   99  0   0    
12365   10  0   0109C

12367   99  0   0
